0,1,2,3,4,5,6,7,8,9,10,11,12,13,14,15,16,17,18,19,20,21,22,23,24,25,26,27,28,29,30,31,32,33,34,35,36,37,38,39,40,41,42,43,44,45,46,47,48,49,50,51,52,53,54,55,56,57,58,59,60,61,62,63,64,65,66,67,68,69,70,71,72,73,74,75,76,77,78,79,80,81,82,83,84,85,86,87,88,89,90,91,92,93,94,95,96,97,98,99
1.0,-0.021661869531394887,0.015390103569049057,-0.0031177700981050663,-0.03625633827095498,0.8704091888652138,-0.017336565524381967,0.04239681505009819,-0.041776380517848946,-0.04073206363690865,-0.050547553333942195,-0.08331563973493179,0.011380187877552234,0.8628184561273732,-0.059761715573145587,0.10767106665267924,0.8867194771735364,0.013444184813053778,-0.04837608387894259,0.04639997464960364,0.007488083045346349,0.8796068180670669,0.8997008085720254,-0.03385030859725217,0.0864549594407127,0.10405848193542987,-0.02760565136758384,0.8632578296042938,0.07678484775413377,0.12420523043407945,-0.006144642425696706,-0.06018387394011514,0.03646430071832834,-0.003363937088071779,-0.06831578460916805,-0.010121503190031704,0.05851617124981331,0.003440616238918638,0.07930116777099472,-0.03560132613044732,-0.05194938998203889,-0.023527253480474117,-0.06824335577094585,0.028701248678192688,-0.07879279867690678,0.15801791464325154,-0.012271687513851914,-0.05059594993851507,-0.06279887873206151,-0.03985730012633431,0.04396634762013105,0.8724342068542671,0.021713772207999187,0.03174657584919296,0.03210927284856394,0.03977996610288908,-0.05707240869262049,0.8818380277051932,0.019530884573179513,0.17043997818384127,0.11703506611992265,0.007352246051637404,-0.02459058609271892,0.8974726616887216,0.013575284605097888,0.04018470850439436,-0.04492584575763975,0.07741650314074094,0.8602010058357457,0.893352387087338,-0.04767825242217973,0.020351191301874547,0.017819537215546206,-0.10281338579839262,-0.027388033318965978,0.014603752291014476,-0.10448360469859179,0.03308439432161246,-0.05035120028153186,0.8908837047681992,0.8894128020960771,0.16460786426198062,-0.09591287805369723,0.10936033842358131,0.11842553480412894,-0.10550098872148936,-0.004505635451002319,-0.028884934271168318,0.8737987318513645,-0.02620999411015647,0.882206440921168,0.8896318336677635,0.059163182328405894,0.0739184882303929,-0.061829490557672596,-0.0445449883962321,0.019615555592217775,0.07366842553951002,-0.07989322175572236,-0.13835626813484275
-0.021661869531394887,1.0,-0.012399660691648301,-0.0195551731966179,0.04008716625991468,-0.05288415758471897,0.040004032733335256,-0.07782277413828652,0.8716936602646348,-0.06689602226419034,-0.0821132026723581,-0.021053208186776848,-0.023068795784476823,0.03193074135314369,0.13059878176065365,-0.10831491412812104,-0.10991950805247168,0.8823468418954011,0.06245863872182601,-0.1523168945093508,0.052385007801716406,-0.004120529289329802,-0.026611073903132366,0.07392995186611773,-0.04961970535172923,-0.10184078942735605,0.8838762223756651,-0.06270044441893734,-0.08687266270423202,-0.0651204433298666,-0.0159852412429175,-0.0001542418472700719,-0.026858226910948427,-0.09804409236663868,0.03719305990319634,0.06154256257796238,-0.03897523051871481,-0.029455446686805616,-0.06672699359294128,0.8692340351430732,0.07790673284529907,-0.042223256521879096,-0.03971369699151321,-0.09609242599169497,0.04777067317412364,0.022376249579117456,-0.07924960589031435,0.8720908259517661,0.03473188043131796,0.8855611647044429,0.8766681401691877,-0.04366384645564503,0.8795964263440952,0.8832519539143363,0.05116369673883454,0.8974594333689792,0.8650364537666305,-0.01362976018385343,-0.07936519207402389,-0.02906553446164226,-0.10137279893802163,-0.027666514497941042,0.034726826725423085,-0.022724008073153806,-0.018612789329198964,-0.1357589906951328,0.8848897058983094,-0.05526498380122834,-0.12623833707374366,-0.11360726290332891,0.08039804261222014,-0.034718477286283474,-0.050103610999812656,0.8751796412305112,0.10255875356112025,0.8653999081663603,0.10437395768697275,-0.04380902121466456,0.9032683016661506,-0.08053381578804054,-0.003699264897011573,-0.10174244264354021,-0.03604968331624267,-0.18739471319207748,-0.060743530843569676,0.8752478319522036,0.8896500116333843,0.883139971657395,-0.04814637763508487,-0.11583278969047313,-0.043490260851427084,-0.049077012671217016,-0.09352078074269171,-0.03793537892748512,-0.1262961735834996,-0.0022481990264092326,0.8806974269101536,-0.09436608773588703,0.8741928198878123,-0.014904016927690753
0.015390103569049057,-0.012399660691648301,1.0,0.8580417789905866,0.8299481547526283,-0.05760173534548921,0.8761167499021515,-0.039827204336734236,-0.06613472052263272,0.8567580632321122,0.8708548802823586,0.8643980030919145,0.8577386413964742,0.048831899176197326,0.06331246133781834,0.010321821228336357,0.05540246624958681,0.0009206426693261334,0.8646539310835961,-0.0028564520323394404,0.053199278079428355,-0.01733357009049975,0.03352668506157812,0.8541463722553951,0.038467591008140824,0.05781432919609858,-0.05253259727939665,0.06854141995418171,0.09436255059256378,0.02427373517962434,0.8608010543033013,0.08866311701000226,0.8749611289716167,0.0852236634136916,0.1210417172677274,-0.010011467367765056,-0.017347781828712563,0.8667378898625967,0.03292470382883268,-0.04306580433069107,0.060399952114266485,0.8679732456732182,0.02652861329598179,-0.03815409549363103,0.8539976472816325,-0.01571309984904346,0.8294805922398487,0.03453602503507189,0.04537495796478306,-0.0964809708121304,-0.03188335530798963,0.05787090963139893,-0.018307051308435126,-0.12275273008996469,0.8605112301622799,-0.06106684959279091,-0.0618856447701391,0.028409474781389717,0.15161739808521255,0.0006010701242933349,0.0185370721644955,0.8567166596142031,0.06055189706608603,0.0358523578243555,0.8728817931715253,-0.11418973780101627,0.00819277523440818,-0.0613336020384372,-0.10064202673294557,-0.03478655795763264,0.09794466954246894,0.07831139901544842,0.8790759805009543,0.017988447741825463,0.0982254867879897,-0.017572568288066786,0.08966511282918975,0.8549697897770864,-0.021426852665656217,0.007505814520526655,0.0682540829380698,0.03482243854924538,0.8646113666227784,-0.07256366392227602,0.03436732748835357,0.012095242631506785,-0.051618882258743636,0.005482147605893851,-0.029073006318022204,-0.08991926199962855,0.09338796006786393,0.055133783647092656,0.03272151194336895,0.061936695402146906,0.024639455759416753,0.8543220326201623,-0.011382211378110213,0.027466700119140913,-0.021337790306917855,0.051480071859038246
-0.0031177700981050663,-0.0195551731966179,0.8580417789905866,1.0,0.8608086811248888,-0.10684845235371178,0.871967935073587,0.07254710754536416,-0.007118414456801834,0.8660977257608421,0.8648557196653465,0.8748715405916758,0.8766604030031447,-0.03213534858880776,0.06634816418487918,0.06036772260448079,0.0034935254615018987,0.04934158240492926,0.8712930505292624,0.19361191338321745,-0.007144475534080303,0.0136688418319076,-0.02949862890521491,0.8644519367429917,0.13203982943945433,0.09902229318892503,-0.02375370505643218,0.11268121951752201,0.16232326442575487,0.10748013374340273,0.869717401199603,0.017653842741206977,0.856898641197817,0.07639015594052664,0.08508881118591163,0.011801417599204105,0.034598466892240304,0.8879248441114,0.1072355795663846,0.007124953841923361,0.019972307856742533,0.8887492346906161,0.11619668382230101,0.05024322165234296,0.8661449244734662,-0.0045623082558630375,0.859790913119944,-0.02459990067692086,0.04738015787119956,0.0021572696452048876,0.013701995715930197,-0.016609148954644607,0.004151759735037931,-0.02071824788963609,0.8803070537714119,-0.04704686396244719,0.025201245487084002,-0.008862799473065005,0.1141667383043005,0.08903757340126428,0.06586684664767783,0.8793249839419365,0.015550623171531896,0.02357391348009356,0.8774538957766788,-0.04185128807609527,0.10790759258134434,-0.008920585902587099,0.027824147002084257,-0.04370029841920482,0.04479950400837347,0.1317425691934874,0.8775647671052901,0.003933775245101084,-0.03593526428767569,-0.008794011298422506,0.11051493848133637,0.8760039425081994,-0.05050624564553343,-0.005746829324984968,-0.0365312859831225,0.0850685087904574,0.8583986159244912,0.0443821565759231,0.03764790071736354,0.0025528441600188223,0.002215440254758484,0.09260708594018888,-0.07492780590986531,0.07242209973640379,0.04665770222991574,-0.04335259361397781,0.09695420964254564,0.007350549792644516,0.1405215269110342,0.8904024600381889,-0.055188370830169496,0.11488442246311233,-0.030563791559890394,0.019901708393839174
-0.03625633827095498,0.04008716625991468,0.8299481547526283,0.8608086811248888,1.0,-0.12216991133162339,0.8742259998386226,-0.027902213822173706,0.006482260931422217,0.849946213369369,0.864560235328322,0.8681386927003275,0.8568960873374882,-0.07315270152536871,0.07850040922127247,-0.007757488168055611,0.02234558429574888,0.10494541052729268,0.8779332958360339,0.06926971583832733,0.03614847201066598,-0.04880287776111732,-0.09220792808643138,0.8601851225886651,0.0884253462872672,0.1058646904509111,-0.0380641494143822,0.0010118398246936752,0.044416341180499676,0.025691566614196026,0.8604145785328936,0.00481396463716197,0.8585150224956225,-0.002818974449698707,0.011425222123872904,-0.06888319272426012,-0.03115865209350539,0.8381475263512883,0.058846170800381015,0.019648912901018126,-0.029576279112226236,0.8599224861921217,0.07368922627264733,0.10492162778683298,0.8467055142618782,0.0036995807884197484,0.8400805138962469,0.02100948086736703,0.06226534268659917,0.030376885732326702,0.00893355751504603,-0.09565646871570897,0.10797180427874271,-0.02790132752683098,0.8634072859156995,-0.022445497442914224,-0.028043594445749977,-0.08288920417594356,0.0863569847208934,0.023768906786427416,-0.02458597327744119,0.8389295121420185,0.05665986506150274,-0.014194899719433248,0.8711612362797524,-0.08492204484356111,0.006885396641717148,-0.04969411413251234,-0.0764558132762277,-0.04226615703338493,0.07961869326749187,0.09724410792257401,0.8518128491098136,-0.019711798504745148,-0.007331415533488798,0.015904820317005207,0.04349882282903562,0.8302910008324615,-0.031424187846345354,-0.043869753045750096,-0.11983141204934482,0.0017062575119040312,0.8771016643524904,0.02050382603584517,-0.006258269306790091,-0.02122043004394593,-0.008091133374258996,0.04769949346427125,-0.08396871573293505,-0.01507245267233516,-0.013525034390812339,-0.07519192903254032,-0.009602508720009123,-0.07657370857404014,0.0011444318412672288,0.8815358475392169,-0.07452554087961624,0.04781332569034943,0.046683232307035485,0.03410645644684627
0.8704091888652138,-0.05288415758471897,-0.05760173534548921,-0.10684845235371178,-0.12216991133162339,1.0,-0.020816490124709045,0.002869520128333076,-0.05513897918464082,-0.09774924758870032,-0.03527061201678785,-0.03939296713441948,0.006038385353913382,0.8833569744640882,-0.0122687566782323,0.024355116941741712,0.8945931137208951,-0.02283526065100278,-0.06708808697746273,-0.01963882431984408,-0.04963944589408177,0.887764799977853,0.8776109420129434,0.029062941767800003,-0.02590732410042412,0.09869953308819901,-0.0968633062720187,0.8661739023335461,0.054790197872351135,0.0985762662987635,0.0056214935842231065,-0.06716917200269902,-0.045335344374723134,0.009461080169349441,-0.07476978846927426,0.002116541682170514,0.023979260557338088,-0.06741138274388045,0.03941475982599662,-0.04575047112673346,0.011116556842306063,-0.048755352712851606,-0.060945263242235544,-0.04821909094922735,-0.027329269643112476,0.06575294202121175,-0.051726933240191605,-0.06871591986922404,-0.015510427330610569,-0.07790488722322352,-0.1452133941397487,0.8936244679355343,-0.2083654852113277,-0.03610554356586105,-0.003974464998706134,-0.12166541281732075,-0.01313094639755098,0.8462374998516239,-0.07125007452286151,0.04499088401541054,0.010904379428252325,0.04736431960753848,0.05500448973497709,0.9006428215528156,0.012260392228924858,0.03741109899323798,-0.0230764189818062,0.026456967356510316,0.8652201907224614,0.8654337672591293,0.0621334058863677,-0.01977294715817173,0.016534871738669753,-0.0964502377921078,-0.08898081617455504,0.00010118199215832512,-0.020826144544689847,-0.05316388402834288,-0.07529959060817278,0.8703512766941145,0.8764320909711943,-0.001748117672699922,-0.06852421947834014,0.10180162035064268,0.0448697704219422,-0.08198680478901543,-0.019808419993786696,-0.06533010464836012,0.8758641925897749,-0.012063098402258044,0.8733207703734981,0.8712945141046354,-0.0009872817194708792,0.011384336069705021,-0.02902649060557023,-0.038373623234591,-0.0940687576902978,0.047615190831209755,-0.052272006453690394,-0.16071218828236095
-0.017336565524381967,0.040004032733335256,0.8761167499021515,0.871967935073587,0.8742259998386226,-0.020816490124709045,1.0,0.10538773306074446,-0.04691447516555563,0.8448762330879128,0.8755225121088344,0.868238474702044,0.8807559772365328,-0.00385891264980845,0.09334102252258784,0.053444120139033525,0.0854219432840208,0.09548800109232394,0.8846763197283984,0.0894117879786446,-0.0025123836837050396,0.02226816068667296,0.004475483382102088,0.8762551647392546,0.09844263256935197,0.11424531275186844,0.01678301890756136,0.0438907594504132,0.1037798748377607,0.03284320034042054,0.8910828060036002,0.07863052880388453,0.8781183176316597,0.09261802297366979,0.14046168922926217,-0.011881717439102308,-8.626435305767606e-05,0.856656561940828,0.10231954029291701,-0.07960089347165059,0.07947340407515817,0.8952432535513155,0.07276109107400512,0.08246536461742925,0.8766318710493849,0.024681355159613515,0.858988050100603,0.05601917229985288,-0.00852753750900479,0.07098541249909354,-0.01898510982208249,0.01241044587336557,-0.05429934636260376,-0.04075463467891816,0.8659521449178847,-0.09639308001202464,-0.060514188619049766,-0.04090525002829262,0.08189521101523732,0.05141862398586403,0.0831865735343147,0.8407316540569946,0.07629692326205631,0.01785370220325329,0.882143324306082,-0.046962371034355306,-0.10374550718254927,-0.020750942643806024,-0.0646481078686935,-0.022300201256674628,0.08640554611904493,0.12860665889536424,0.8699357024040106,-0.07432180884550256,-0.018528577682398913,0.027163745307354614,0.12696035776125766,0.8657089627654992,0.021975859696807702,0.01438409739608862,-0.038828946631132844,0.09074882612846268,0.8903739099064164,0.01910766053195868,0.05421583344406847,0.03067275837860126,0.008849746986055269,0.07243924757485784,-0.03507359702573384,0.06099588285168808,0.006551454493052959,-0.015506169736168491,0.069544049934874,0.0890690657617285,0.07289962809638134,0.8741262662266158,-0.016438664988880313,0.07616033078111202,0.044488416247030135,0.13266171123510925
0.04239681505009819,-0.07782277413828652,-0.039827204336734236,0.07254710754536416,-0.027902213822173706,0.002869520128333076,0.10538773306074446,1.0,-0.061887680895431486,-0.019881852101852303,-0.06883164128969434,0.049477025730612634,-0.0006615299807819815,0.048091960537586076,-0.006611017858246322,0.8506994276464146,0.035058302903509586,-0.03627335502096792,-0.03095013176687624,0.8794851138007097,-0.010186231781293156,0.06833538796617282,0.11183809324888241,0.014552711809982443,0.8857049464295952,0.8755623167578268,-0.11564202160585127,-0.039156099144927924,0.8616232946334689,0.8701370460032122,0.0016823887173495254,-0.007616640422196125,-0.10929441559373866,0.02320400815268798,-0.008293475064857024,-0.07099077721534186,0.861244403353011,-0.0009529211280532118,0.8947139665877946,-0.04731910400785322,-0.08932459990609116,-0.013669419267610193,-0.04273570500839995,0.8816234491254367,-0.009080041599914756,0.8730856472037339,-0.09069499034629934,0.1146348902097057,0.02060174759898568,-0.009192582964397544,0.009001818179153742,0.06322460896117273,0.034810113127901283,-0.018689142204540706,-0.06395274761832223,-0.02472480224125176,0.031461677092696996,0.033268059585774244,0.8487964179958256,0.8909463107961779,0.8518337769580502,0.0014106769163816297,-0.003924817919178204,0.10462744481065415,0.07571471428822325,0.8399264777101764,-0.03895055004001753,0.8679636048366874,0.010471149660835797,0.042440249648399375,-0.13015384853442846,0.893435586971186,-0.09696225387462305,0.005307083065482603,-0.03498410949651789,-0.02094722676495507,0.07291852109753583,0.04165613010564542,-0.03678829581861781,0.08487849507111762,0.10924899910898744,0.8832500338468748,0.021300894839943824,0.8635695246772641,0.8590491542803494,-0.0036357347190775604,0.030086171115633744,-0.026377389219120775,0.07457479254278952,0.8870200174306112,0.13587123906344026,0.10129755786508453,0.8999526417247058,0.8667443232528723,0.8848038413383593,0.07249224345434267,0.038338154691329986,0.8560625063834699,-0.03807744839107878,-0.019698405173739338
-0.041776380517848946,0.8716936602646348,-0.06613472052263272,-0.007118414456801834,0.006482260931422217,-0.05513897918464082,-0.04691447516555563,-0.061887680895431486,1.0,-0.11360463862220334,0.006874221479175133,-0.06607713287174177,-0.039559070928508966,0.11365127607700017,0.021055449693517504,-0.0061435441405144255,-0.027033601128400763,0.8679305848723764,-0.039350788770658944,-0.08929499529692546,0.015053541233796272,0.020716964899379103,-0.01750468586365057,0.08667654878833088,-0.035936942629322614,-0.0539985965119505,0.8690187638022381,0.008457886769570298,-0.07718258015726318,-0.013858842514713325,-0.05812535756130418,0.0007453731798321226,-0.009198732112094881,-0.08563643557751462,-0.040602139713940846,0.058115352179094415,-0.0938594779443097,0.01691166621719818,0.00020756324596911296,0.8813149971913803,0.06845987675603342,-0.02677787035638874,-0.06245680741400263,-0.06217705223915291,0.022719431055041282,-0.04382229948631386,-0.05164893714474867,0.8808425844816324,-0.04440691741391597,0.879418564450902,0.8965317650760991,-0.001200532627918305,0.8616344990764593,0.875348246334295,0.012713057116794092,0.8701151264845803,0.8896461223866524,-0.028297039546014396,-0.009392107994047922,0.03333849432087762,-0.09058542444272275,-0.05795907240641229,-0.0335063590510373,0.025293144931179398,-0.009585254583595982,-0.024674643815257656,0.8782586116178841,-0.06385087578631139,0.014070770729790258,-0.08159952221704486,0.036393215694571684,-0.0015788133048725986,-0.035379369472545524,0.8621558446411558,-0.04517920288810415,0.8691336246359254,0.013615603462124284,-0.055518068723000795,0.8758626185575874,-0.04448610560668474,-0.015853473804503936,-0.03484058951847335,-0.02848642314549166,-0.09063958287112292,-0.1312607953038858,0.86529964240166,0.8647485888934319,0.8525995295233219,-0.021607776550648085,-0.12321750036771328,-0.09659923243842485,0.012920653155790775,-0.059528812809914664,-0.055558795227743554,-0.10860450597930252,-0.13047698013766393,0.8671686895147567,-0.0516259378021645,0.8457810949366996,-0.02576947447371021
-0.04073206363690865,-0.06689602226419034,0.8567580632321122,0.8660977257608421,0.849946213369369,-0.09774924758870032,0.8448762330879128,-0.019881852101852303,-0.11360463862220334,1.0,0.8729772077834349,0.8623747890809215,0.8522950045960055,0.01729806879026884,0.11341465916169022,0.02749482009016264,0.06785060394346384,-0.010755823499498336,0.8633253740925962,0.10764847931069108,0.02709934665733669,0.00012709421404548133,-0.08412711328135902,0.8464246043904927,0.045280240014288334,0.07954412963746205,-0.08418518181183038,0.02622367421682831,0.14832216610607518,0.032328761396272,0.8547174679440738,0.03329129023583966,0.8677292260280995,0.01469638670152077,0.11400978736542214,-0.029985773003266224,-0.0291666397908093,0.8623209453581783,0.08317671421050918,-0.09778065844373558,-0.01098339354385771,0.8679101220895242,0.0692320825196722,0.03226189259820796,0.8668634323766429,0.04140541327429444,0.8690559835716568,-0.02761073211694959,0.07108731653818448,0.0054104640486508405,-0.09539245828010659,-0.035538510118476,-0.05732088055623998,-0.1687288550645331,0.8617592875383996,-0.1349400018057299,-0.05471553673174198,-0.014873187793047225,0.10374487814780325,-0.007247007109235394,0.10353947400053401,0.8536763840338314,0.0311950649533474,-0.011417223092415772,0.8693572872058616,-0.07219684511731493,-0.0897823768295316,-0.012517886346856513,-0.09630438398411385,-0.020554599393556052,0.12426472584573217,0.11076383486450107,0.8685183694550397,-0.08302661263121178,0.04523262660958911,-0.06944897882133326,0.09285815760545592,0.8510218413133779,-0.14291132747097463,-0.049996618837234705,-0.09255683298387225,0.013086944055618782,0.8806759533028782,-0.030082064168953697,-0.016905494199661576,-0.04278554802712915,-0.11183008614792227,0.013975140877796844,-0.12956913055999986,0.004688001817738419,0.021054571321725328,0.03370685538281949,0.014388512396054303,-0.03929493219154202,0.09050791988779563,0.8717538363391925,-0.11144135539062551,0.031235590025920464,-0.07186963181996804,0.056947550870516006
-0.050547553333942195,-0.0821132026723581,0.8708548802823586,0.8648557196653465,0.864560235328322,-0.03527061201678785,0.8755225121088344,-0.06883164128969434,0.006874221479175133,0.8729772077834349,1.0,0.8648928439204617,0.8619413653815758,-0.012723605560425877,0.005193430433555511,0.08932141927252696,0.12212755623622851,0.010645683957303568,0.8604729929022178,0.12590119747430276,-0.006743978706886115,0.031995940844026315,-0.05813698342391907,0.8411351971150796,0.018241132387119503,0.07697131028640569,-0.016429809721670855,0.10703191992013128,0.10463039316228041,0.03873430897028179,0.8389445464820697,-0.02455968917293115,0.8707239720389216,-0.013469812598313912,0.059468733780494776,-0.07284886266727107,0.01564835159856239,0.8584099388720289,0.12241262003470425,-0.041219274092038405,-0.014077470668690724,0.850558585067769,-0.03499147996974637,0.023788305747394736,0.8532662739591677,0.04027349953389589,0.8614553592338202,0.03297113563130112,0.002246403289691507,0.019045526063019392,0.004803969454191713,0.015608974982555491,0.050138535212691814,-0.0400643845957916,0.8553581026391309,-0.012899330012226951,0.002516401089512028,-0.06116974705746819,0.10719793882261325,0.018800484941402653,0.08450309620849475,0.8588856229129347,-0.06719175792214319,0.027279636038889665,0.8723762955515734,-0.08818592702865793,0.026907673032718696,-0.008071900718756379,-0.049967351280845465,0.0007119502253468546,0.04032734346544501,0.15186477756190675,0.8649364411243872,0.005511458985332576,-0.0530379558888726,0.024902284417868237,0.050664748972678454,0.8506061261346902,-0.018462696536375233,0.0413688237753287,-0.04224125306533127,0.04939238996316027,0.8626561537129708,0.0399690342138834,0.0823315115490612,0.007994530739451696,-0.0501160229962632,0.03847408193381174,0.03499038492646021,0.02903676633820098,0.013768472311166602,0.08625947681083881,0.026907069117426373,0.01643651966807791,0.03249274181230227,0.8737799502385463,-0.007911319921519831,-0.00011853554726698548,0.005980462842163396,0.041443512519108265
-0.08331563973493179,-0.021053208186776848,0.8643980030919145,0.8748715405916758,0.8681386927003275,-0.03939296713441948,0.868238474702044,0.049477025730612634,-0.06607713287174177,0.8623747890809215,0.8648928439204617,1.0,0.8538935272809923,-0.06795870392766885,0.07154523127104419,0.09676264112227842,0.010503532301672452,0.011204142174911736,0.8754782359525515,0.1385518880880427,0.1002924943070636,0.03543343389756662,-0.06662788029295803,0.8652407541635224,0.11388270671569935,0.10739363798348533,-0.11617761542464053,-0.009057813438585157,0.1216866451901916,0.14233052586664907,0.8876290791054228,0.07354315321893903,0.8783088606863739,-0.00392394277978772,0.06190992566617955,0.003368749993797273,0.013831929311109966,0.8569597492556036,0.017761277261329277,-0.0671401385342742,-0.03571634455404888,0.8901838243624782,0.08903485097064942,0.05244942363405151,0.874254230077833,0.018813519027441723,0.8816931754621232,0.04010818343011539,0.01766593562009379,-0.004863386176212682,-0.06256027837044993,0.0019080116733933277,-0.07426112418141281,-0.038519465713714215,0.8650283016840041,-0.05507155318368277,0.02571657221359778,0.002454901238942891,0.10008120985547261,0.030634312067253578,0.01864238204833346,0.8654576818092697,0.022244148937188797,-0.03769652778472018,0.8901352203142875,-0.06429334716241301,-0.06162800660080709,0.005832903471786104,-0.05269864776382164,-0.02071081174131161,0.0993360145698739,0.09279036562253314,0.8696690115540529,-0.0315265817122651,0.04900202752232422,-0.029901461623509228,0.06362458617650421,0.8648197295800523,-0.04823462785878156,-0.00681953276115141,-0.083207195733423,0.09586343127241634,0.8558760897541255,0.054380853915904234,0.08041393316711445,0.016044317246929552,-0.04901491391476879,0.03044890245898611,-0.05457716550825184,0.0743496731898991,0.02006532022972909,-0.005945522226805287,0.08487913668105367,0.04700719426650788,0.10980581519423273,0.8919821975207906,-0.054195577356424406,0.10204193225408219,0.028572242947493613,0.03832092264353573
0.011380187877552234,-0.023068795784476823,0.8577386413964742,0.8766604030031447,0.8568960873374882,0.006038385353913382,0.8807559772365328,-0.0006615299807819815,-0.039559070928508966,0.8522950045960055,0.8619413653815758,0.8538935272809923,1.0,0.005519204747156244,0.0856592554001729,0.06261739950898408,0.1170190286750611,0.0038585784477095817,0.8488999414691794,0.12461369499314472,-0.017485823414752855,0.01304700476740198,-0.06855699354950323,0.8439805640231589,0.07453094278901864,0.08429201962561375,-0.014406163261473953,0.05121875955565221,0.06755589116361804,0.049888482534396615,0.8669329956484847,0.013538864089123137,0.8613712663426903,-0.019225036101373515,0.02334104088665351,-0.036035438227291265,0.034885181546659684,0.8474673092064462,0.03401640868634648,-0.00872809315006859,0.01825200356858433,0.8656672013003929,0.04292706995208144,0.08189769591503282,0.8696559978167093,0.08494459775338,0.8339643426516904,0.01105531152248626,-0.024393103636521144,-0.0582377667657528,-0.015837338147711048,-0.006560201538201468,-0.01243802333613104,-0.059646470575829044,0.871438115475327,-0.07519971084485508,-0.051508747880545346,-0.03789386928168619,0.09467081594332462,0.07799447621026973,0.06746741127916328,0.8802938955912328,0.004220339627602332,0.04637117954801219,0.8654902560430736,-0.11619753689632635,-0.06124444884427175,-0.01585821041333384,-0.029878461664573915,-0.06782147089783853,0.019535126597030335,0.13342938943167268,0.8618612337957567,-0.014665152794759365,0.016046263789518317,-0.03379140061335061,0.15412102686615006,0.8682626379548589,-0.01622355493791806,-0.029843921183243652,0.01492775886928415,0.09000887648458535,0.8578168877620554,0.014036438257523116,0.07963522331483007,0.022481133512962916,-0.09784761004484278,0.019591457297780192,0.041899466651591694,0.03901724170219187,0.028372226181303535,-0.00846586787313606,0.06707828194115183,0.0165241017846535,0.08185329869762042,0.8593284201697919,0.014572878116934942,0.03650477694960925,-0.018714593779233835,-0.001507809458288671
0.8628184561273732,0.03193074135314369,0.048831899176197326,-0.03213534858880776,-0.07315270152536871,0.8833569744640882,-0.00385891264980845,0.048091960537586076,0.11365127607700017,0.01729806879026884,-0.012723605560425877,-0.06795870392766885,0.005519204747156244,1.0,-0.08975503984365293,0.12362241511505648,0.8752711353626128,0.02335868689272928,-0.06705309037237023,0.11760627333868347,-0.06994316379340637,0.8838572966197574,0.879558920025679,0.06630785086669463,0.07679845516066772,0.24566192103331386,0.0431608113299245,0.8587194337139978,0.06208794241519372,0.20746608084722873,-0.007635027096398084,-0.07232141616701121,0.001987905904488182,-0.06497255930795001,-0.10656509630667031,-0.04385697027978938,0.078376129707142,-0.04403071721695269,0.10084262666139159,0.038315779086169635,-0.057331299846424634,-0.03924436360902395,-0.12187922391567685,0.035748639139818884,-0.07186966085800493,0.10918534951277979,0.030240909324296534,-0.018273781566228078,-0.08422280975090783,0.04313825842076375,-0.0006487004526637958,0.8389029932100261,0.006665278994287899,0.053196898942293486,-0.03411630562146541,0.051330971464051675,0.018656782631746305,0.8606009307078162,0.07440621297006865,0.17357665780210516,0.14629824162796998,0.05337857990479049,-0.014023960374256895,0.8550871629787147,0.0008555973608576536,0.18589875859894045,0.020905309256724628,0.0843595239938966,0.8457803524528876,0.8582260443451156,0.08020023656809154,0.1144060205826976,0.025343681320927874,-0.0757487894869477,-0.10911717861068106,0.10724876197910002,-0.07636417180923563,-0.10640094685269445,0.0670286831560673,0.873920830758317,0.8723560454333402,0.201694945404735,-0.058910723183764946,0.1702528286644007,0.09751301569984092,-0.005948174096905035,0.044566249130975226,-0.04852269429084483,0.8547445941812267,0.040575902572734274,0.8744284723947826,0.8701394500919231,0.10993567614182233,0.1075580042485859,0.09658558014827306,-0.09695765720933161,0.11189971021001698,0.13411407345758167,0.03065876382055091,-0.2658702567354978
-0.059761715573145587,0.13059878176065365,0.06331246133781834,0.06634816418487918,0.07850040922127247,-0.0122687566782323,0.09334102252258784,-0.006611017858246322,0.021055449693517504,0.11341465916169022,0.005193430433555511,0.07154523127104419,0.0856592554001729,-0.08975503984365293,1.0,-0.029091388340988473,-0.019843964259922915,0.09876032348862418,0.05141502243237924,0.04624752823078663,0.8772094804582148,-0.07539991898794186,-0.14014503305630335,0.09012812812474248,-0.01904637056000284,-0.08444402841119737,0.09483823188477426,-0.02201503546468257,-0.010090660403796234,0.06179757394377408,-0.009624130286607762,0.8632049613812556,0.0969978722161141,0.8781282708737225,0.8618052021351162,0.8736296648799977,0.024544555276963555,0.06913291796493119,-0.060457816110746965,-0.035689926133275165,0.8675055203317061,0.11946235800832318,0.8595849966758412,0.055412757940273165,0.13938075406773065,0.004364108802161594,0.08196650541637979,0.10221972359021665,0.8643344872781978,0.11712818330420119,0.06262106965988447,-0.08419903433921154,0.13531500047215475,0.008714066673241264,0.12044276051688832,-0.01078567603935687,0.03275562061023301,-0.057977777184600926,-0.04320541650284856,-0.07150956491374577,-0.03361886573629689,0.010176167808106476,0.863812551602486,0.018274107847740348,0.054815123538002004,-0.03338573489223996,-0.024441969200051802,-0.10637417662918833,-0.03723525369213766,-0.039746741740470264,0.8547490274409043,0.051834697059687795,0.06137100488744548,0.05383381281203133,0.8730739212641591,0.028611003511826574,0.8649342219431863,0.18178606558499927,0.09450641746175852,-0.07015893493390592,-0.013743799455259059,-0.01744954115065599,0.11839930711096792,-0.05509950043346066,0.00906290841883254,0.026600088068523136,0.048496759961263125,0.0713030061781384,-0.02656303177321993,0.02133125538451834,0.024794183911914118,0.01424645191233773,0.010517939079124369,0.05087639700751101,-0.004931353344071407,0.11664147586435226,0.04363601274691158,-0.004718973453600404,0.09745488476667256,0.8697733891453899
0.10767106665267924,-0.10831491412812104,0.010321821228336357,0.06036772260448079,-0.007757488168055611,0.024355116941741712,0.053444120139033525,0.8506994276464146,-0.0061435441405144255,0.02749482009016264,0.08932141927252696,0.09676264112227842,0.06261739950898408,0.12362241511505648,-0.029091388340988473,1.0,0.0790676378762136,-0.02001638030363703,-0.05726105756545906,0.8568604142822678,0.06627390193151185,0.07364675808762347,0.15509945636008665,0.07254741288721149,0.8890374663130183,0.8701929361604145,-0.12373584563003419,0.08201616744594788,0.8550140040640911,0.8593516111891164,-0.0335038562088142,0.01612409253722978,-0.0736849219366488,0.005740611906481681,-0.014457992520219695,-0.021513569635601092,0.8669608033185556,-0.039198317167098956,0.862001863645493,-0.08357586278699108,-0.0033219472858836427,0.005547226436707645,-0.02804337902005966,0.8682644888691695,0.04958636688667863,0.8758344061583333,0.01685400599845401,-0.050782075781923286,0.028892906029199732,-0.11304098546083831,-0.038802039394429014,0.062176869252828636,-0.08206858278342898,-0.07463464679696594,0.04507662217673831,-0.05563474976543834,-0.055623930179346005,0.08070933847430119,0.8424383879724615,0.8615545191125938,0.8760295978650686,0.020500775759603223,-0.03717862505827952,0.08951615892423267,0.005663700079923322,0.874698358852778,-0.10405574626191764,0.8578935235693288,0.1256804900496431,0.11506113282830085,-0.010325449157859802,0.8836104516305228,0.017250325469557987,-0.010346941118848799,0.02914885817742335,-0.07015855293152141,0.021645356676813006,0.013840985990953297,-0.08984582401318544,0.11563273453146954,0.0909861890959383,0.8711745088929942,-0.028284747886709503,0.8719244576532239,0.8870928062199376,-0.029415635756666295,-0.012648911636179943,-0.05349626364321826,0.15865350767135689,0.863268706741796,0.10521041639889409,0.07372295164317394,0.867655904412467,0.8892086771550597,0.8520709225514252,0.023717551229414637,-0.024469835044356524,0.8780484486170648,-0.07267484167181512,-0.05618859083629132
0.8867194771735364,-0.10991950805247168,0.05540246624958681,0.0034935254615018987,0.02234558429574888,0.8945931137208951,0.0854219432840208,0.035058302903509586,-0.027033601128400763,0.06785060394346384,0.12212755623622851,0.010503532301672452,0.1170190286750611,0.8752711353626128,-0.019843964259922915,0.0790676378762136,1.0,-0.0848925084243315,0.06532533647995428,0.0554753216842365,-0.07537199643128538,0.9002762730530749,0.8832287642992427,0.05700687016906339,-0.024612106360175728,0.06945895880955766,-0.0847690187174608,0.8626827021519221,-0.01464719266302378,0.07618403395329536,0.09001249950229182,-0.13913043900023164,0.13090339805838336,-0.01428901304900978,-0.09788716428997363,-0.08429847523058336,0.05155451950777944,0.02777988667595847,0.0799844421422192,-0.07043170114439014,-0.11424976581778842,0.07127399123498251,-0.07579182271257488,0.024869030581383945,0.04420761349418005,0.08630833307952106,0.0851608907003786,-0.09208945235947243,-0.12243128737014451,-0.046637976212578904,-0.053657262300746404,0.867016489330985,-0.1420188618351256,-0.03331328524842507,0.02656185926917967,-0.1311507133676913,-0.07826652125742352,0.8718752268513222,-0.018340628002998995,0.07455548543444472,0.030224524709070257,0.016208024447189384,0.020085269165585486,0.8580509916956461,0.08062191954384389,0.003864436753015326,-0.04246542831064235,-0.05562337803662266,0.8492304796288566,0.8634897010296384,-0.014701434618367376,0.013281521701329766,0.06469474336269172,-0.13642789898881683,-0.10858352701719588,-0.030080641992325737,-0.06348636110077813,0.05719117696045409,-0.021287532559394095,0.8646790390654615,0.8838363583818691,0.042563923854961674,0.019443498328979503,0.027299044610901307,0.08451676357494223,-0.1079160119446731,-0.1086697985897555,-0.07098808089823881,0.8572804701296479,0.03755383516377237,0.8720522654670252,0.8650359547143222,0.03270329414358815,0.0024671082494317266,-0.03905784845529558,0.046742751839022566,0.02666200248904328,0.01782351477773465,-0.043417091611665015,-0.12536978127746945
0.013444184813053778,0.8823468418954011,0.0009206426693261334,0.04934158240492926,0.10494541052729268,-0.02283526065100278,0.09548800109232394,-0.03627335502096792,0.8679305848723764,-0.010755823499498336,0.010645683957303568,0.011204142174911736,0.0038585784477095817,0.02335868689272928,0.09876032348862418,-0.02001638030363703,-0.0848925084243315,1.0,0.034771874014452,-0.06490634224246634,0.05760924614141666,0.02509831991230542,-0.07393322918403086,0.012274438515896088,-0.05335506074602401,-0.0914074770614968,0.8801055894593326,-0.060136956689382334,-0.06347974046805924,-0.07363050379068552,-0.013056671933396621,0.041520637684417876,-0.010869601252971215,-0.023224242111425666,-0.02323133204354196,-0.014681723422620648,-0.045412701810015485,-0.01672567116590791,-0.01749392616631077,0.8641641115447087,0.07939620894501227,-0.023390541578680646,-0.011327641304480923,-0.0821576340672465,0.16434649781910607,-0.041769921038086834,0.042450717104182224,0.8645935902248763,0.009534187151464311,0.8684553092805305,0.8903894801005556,0.01896340391627272,0.860725468227416,0.8795760059346354,0.1505540309158335,0.875921363132526,0.8649729042892007,-0.06424312791006644,-0.12134044704694075,0.021518299641218156,-0.09469183721836484,-0.05979876828517666,-0.03205073994784102,-0.010671369669702271,-0.01246842017201435,-0.07118137149860138,0.8830529633066155,-0.073112473789572,-0.09374255796324717,0.02923063960887781,-0.024105816451115078,-0.12886299173306184,-0.07485028621346995,0.8600134890657795,-0.020760701702345372,0.8718604890487888,0.018487123882217807,-0.00142010928324587,0.8629603543224701,-0.015440281944972243,-0.06347524666431986,-0.06383776114141274,-0.07356932427599039,-0.0456124641917416,-0.05016205547359546,0.8529760920147657,0.8746097271779065,0.867432385965791,-0.027732154356834984,-0.1838619091834389,-0.03462693551376498,0.024817069335123666,-0.1148166923871095,-0.05474966644807709,-0.12333421156173614,-0.015655343388624773,0.8750883632701684,-0.04217301226089742,0.8560328774108712,-0.014399171508048675
-0.04837608387894259,0.06245863872182601,0.8646539310835961,0.8712930505292624,0.8779332958360339,-0.06708808697746273,0.8846763197283984,-0.03095013176687624,-0.039350788770658944,0.8633253740925962,0.8604729929022178,0.8754782359525515,0.8488999414691794,-0.06705309037237023,0.05141502243237924,-0.05726105756545906,0.06532533647995428,0.034771874014452,1.0,0.04548826325335777,0.01974531978985591,-0.009898314264359298,-0.022822254986268258,0.8468262320044996,0.033315407872972394,0.03164241638958124,-0.09453104606384903,0.018186436573078675,0.01812518705732142,-0.0009200080269717703,0.889772893878386,0.07190982250994044,0.8780632334445733,0.02925363469724625,0.0637998720711654,-0.007958296491508764,-0.011057412797376109,0.8608588375830888,-0.005097051410134584,-0.047227938345982975,0.05702379387798366,0.8822731400507218,0.09901531269952413,-0.028348077890548707,0.8685724036823912,0.00626450994763398,0.8863754824749738,0.00844468062706835,0.039157105559959,-0.0001966337008270182,-0.00021258421689830624,-0.009090012493048567,-0.015318156192251613,-0.005226377619655207,0.8818183470568539,-0.03289022347390109,-0.02302172863426593,0.0014960741662172377,0.0402135464594371,-0.04261933477824864,0.036778367472688915,0.8627438555355408,0.006400466205604854,0.016998376703380166,0.8838313424661837,-0.0995501711496421,0.03378545952101084,-0.06423936025273827,-0.10083826174986504,-0.049471936650667896,0.0446067170834104,0.06623968339894236,0.8632981812957757,0.03684142076883057,0.07106722254541616,-0.016911907293895828,0.05684537956786033,0.8741503103982426,0.011545506563237919,-0.050423422354016215,-0.069797254855098,-0.01904038174911933,0.8736800041207651,0.016096650299721016,-0.09125474599650474,0.009057230795689099,-0.015553398190075953,0.045920410723299984,-0.03660648086922258,-0.005800884792111472,-0.01173961899834549,0.002984364307619672,-0.05888146451012972,0.015599682827700434,0.08277203821505758,0.8731523814204533,-0.02994877681117823,0.049388430584719124,0.018019964033442873,0.07350735308439642
